900 85 33
678 45 1
1322 27 1
1159 106 2
206 45 1
1121 75 1
110 144 1
326 38 1
952 89 1
835 64 2
844 94 1
409 73 1
855 58 2
673 70 2
623 92 1
261 75 1
198 140 1
1231 102 1
1007 78 2
481 98 2
882 64 2
545 126 2
1172 52 2
1324 148 2
1360 126 2
90 64 1
843 132 1
321 33 1
765 111 2
939 127 2
877 109 1
1134 95 2
1323 106 1
792 112 2
357 138 2
1316 34 1
1125 60 2
102 33 1
1022 94 2
611 75 2
841 44 1
915 134 2
1173 116 2
937 120 2
1061 86 1
1137 109 1
1020 142 1
1258 61 1
416 138 2
1398 73 2
1213 40 2
585 132 2
831 90 2
614 80 2
583 140 2
943 115 1
176 40 2
506 119 1
436 56 1
846 45 1
367 72 2
851 147 2
944 120 2
996 135 2
294 75 2
118 50 1
152 45 1
1103 118 2
1335 25 1
964 147 2
923 42 1
1358 120 1
193 73 1
345 124 1
580 126 2
155 133 2
387 49 2
348 143 1
375 116 2
620 115 1
4 56 2
607 128 1
168 26 1
1311 82 1
653 49 1
263 27 2
822 49 1
900 123 1
1293 83 1
824 76 1
1329 143 2
1039 134 2
98 135 2
144 101 1
561 81 1
800 32 2
1189 43 1
850 49 1
1328 50 1
372 137 2
382 59 1
1060 113 2
430 81 1
156 133 1
818 136 1
408 62 1
973 72 1
164 121 2
495 76 2
365 125 1
789 84 2
1194 146 2
1384 146 1
960 69 1
89 103 2
812 95 1
767 128 2
1386 147 1
21 122 2
1187 63 1
703 84 2
769 146 1
736 67 1
1064 42 1
784 127 1
763 76 1
1362 124 2
478 51 1
295 125 1
729 27 2
1088 101 2
216 138 2
1325 47 1
1272 129 2
194 31 2
1113 87 1
643 140 1
1387 111 1
458 67 2
1377 60 2
586 117 2
9 42 2
963 61 2
47 144 2
493 127 2
1149 79 2
344 53 2
447 80 2
1019 143 2
273 117 2
626 60 2
899 40 1
136 140 2
1160 54 2
803 142 2
871 60 1
1164 136 2
1292 99 2
1373 76 1
602 86 2
1167 119 1
238 114 2
335 99 2
853 98 1
771 55 1
632 34 1
1333 88 2
466 53 2
277 120 2
659 49 1
1182 47 2
201 78 1
479 52 2
999 140 2
72 32 1
1262 65 1
65 57 2
1090 42 2
1074 39 1
1043 56 1
113 44 1
1393 66 1
1216 132 1
642 122 1
42 118 1
1072 128 2
1055 105 1
582 50 2
574 53 2
974 108 1
1006 103 1
7 143 2
413 129 2
1186 81 1
859 120 2
1005 28 2
52 104 2
783 100 1
977 60 2
165 119 1
1252 26 1
404 76 2
252 34 2
652 27 2
1059 30 1
834 87 2
33 94 1
158 90 1
780 132 2
689 27 2
171 51 2
1152 89 1
995 56 1
613 140 1
1036 127 2
931 147 2
770 140 2
1062 148 2
713 55 1
163 41 2
721 55 1
1067 132 2
1243 48 2
203 95 2
979 145 1
969 55 1
551 106 1
1319 74 2
571 110 2
86 46 1
177 70 1
304 106 2
567 46 1
1338 138 2
1196 67 2
684 54 1
1301 41 1
682 94 1
2 47 1
924 136 1
323 92 2
890 28 1
457 94 2
329 44 2
1004 40 2
318 47 1
1305 83 1
1120 32 1
24 137 1
1129 71 1
291 33 1
431 82 1
911 148 2
1331 130 2
895 39 1
1310 142 2
139 45 1
1381 35 1
572 104 2
655 136 2
775 124 2
225 61 1
71 65 2
903 41 1
745 137 2
1298 119 1
114 49 1
380 114 2
1135 137 1
1332 29 1
20 81 2
1403 142 2
825 131 1
1345 39 2
147 147 2
1327 89 1
1212 86 1
197 132 1
733 64 1
1237 145 1
1013 136 1
650 110 2
140 135 1
809 107 1
1245 116 1
914 137 1
419 117 2
1080 53 2
772 72 2
925 53 1
644 27 2
1188 89 1
548 43 2
796 58 2
1341 35 2
1073 101 2
558 133 1
1033 39 1
881 80 2
1158 104 2
1265 40 1
381 108 2
1269 34 1
797 93 2
22 80 1
361 86 1
1250 53 1
680 148 2
377 119 2
1205 66 1
605 133 1
1044 50 1
656 29 1
1348 93 1
531 119 2
66 47 2
1096 145 1
716 50 1
18 94 2
507 90 2
1349 135 1
1209 149 1
837 74 1
773 150 1
807 92 2
31 31 2
53 150 2
665 60 2
1312 90 2
1003 95 1
748 79 1
272 97 2
297 50 2
814 108 2
215 116 2
196 96 2
490 104 2
1175 26 2
898 70 2
410 38 2
10 27 2
1253 84 2
1144 89 2
1374 43 2
210 76 1
965 30 1
991 58 2
1351 69 1
1208 125 2
429 72 1
1117 97 2
437 40 2
709 78 2
1357 99 1
373 62 2
463 31 2
23 93 1
363 107 2
474 124 2
698 73 1
672 126 2
1241 43 2
737 85 1
181 99 1
1394 117 1
290 82 2
87 93 1
631 29 2
425 26 2
1307 60 1
1102 71 2
60 58 1
858 38 1
220 82 1
1378 127 1
910 29 2
1282 94 2
1038 92 2
1428 133 2
1255 25 2
376 134 2
1012 48 2
878 53 1
695 37 1
1030 147 2
787 112 1
253 115 2
346 59 2
310 140 2
1071 107 2
942 45 1
159 83 1
123 73 1
1058 76 2
970 133 2
244 42 1
1140 97 2
581 57 1
305 84 2
601 109 1
759 109 2
766 85 1
167 150 2
667 93 2
232 103 1
449 149 2
856 68 1
945 33 2
793 29 1
538 90 2
426 95 1
355 121 2
870 119 1
679 30 1
1365 148 1
258 54 1
1279 27 2
1101 49 1
1000 52 2
1223 114 1
148 124 1
1334 46 2
511 46 1
500 32 1
1303 89 1
1248 48 2
885 61 1
823 70 1
842 123 2
141 137 2
1122 78 1
1270 57 2
1302 131 2
128 71 1
414 31 2
91 78 2
39 42 1
685 135 1
1070 53 2
1276 31 1
236 40 1
1027 68 1
1050 91 2
50 102 2
948 75 2
1063 72 1
328 144 2
1299 89 1
830 106 2
49 35 1
307 40 1
982 40 1
1116 133 2
340 32 1
594 133 1
213 78 1
826 51 1
1359 119 2
816 50 2
1342 127 1
237 128 1
829 76 2
1132 61 2
473 108 2
332 104 1
1406 135 1
1289 114 1
905 50 1
811 112 1
259 128 2
1353 119 2
799 126 2
368 103 1
1009 96 2
1079 51 1
229 95 2
1416 121 2
298 134 1
1170 115 2
96 103 2
557 102 1
226 132 2
1085 67 1
1397 106 2
1214 84 1
106 113 2
1195 101 2
1257 65 2
804 93 2
1108 137 2
918 121 1
143 35 2
872 77 2
555 57 1
743 143 2
1151 146 1
935 41 2
578 125 2
131 76 1
817 107 1
285 60 2
54 81 1
184 68 2
88 143 1
576 122 2
420 77 1
1176 80 1
1168 100 2
715 137 1
221 71 1
1379 60 2
617 43 1
1261 69 1
25 97 2
241 58 1
441 31 2
438 132 1
635 132 1
718 134 1
1097 45 2
1147 81 1
446 124 2
854 121 2
126 144 1
330 88 2
122 49 2
1242 91 2
978 99 1
175 116 1
48 83 2
68 121 1
1399 103 1
697 62 2
336 34 1
1220 27 2
1376 53 1
1330 122 1
370 130 2
327 77 1
108 25 1
674 139 2
383 66 2
768 71 1
1251 93 2
929 69 2
1204 135 2
1354 97 2
224 84 1
1130 124 1
256 86 1
45 80 2
111 53 1
212 86 1
1190 40 2
1193 96 2
358 131 1
142 30 2
621 129 1
1111 69 2
1069 33 1
483 70 1
1363 55 2
179 99 1
1425 68 1
487 125 2
494 35 1
938 144 2
444 100 1
351 119 2
255 36 1
195 65 2
1017 114 2
480 147 2
334 74 1
154 85 2
146 102 2
625 71 1
121 146 2
1089 107 2
341 42 2
1200 45 1
422 27 2
1016 148 1
1225 106 2
967 41 2
233 119 1
112 127 2
962 110 2
1118 92 1
394 90 1
785 115 2
1198 96 1
1336 99 1
75 139 1
1337 53 2
129 96 1
395 99 2
540 25 1
1066 56 2
134 137 1
1326 117 2
1110 110 1
790 139 2
227 116 2
564 32 2
808 40 2
901 119 1
523 40 1
849 70 1
508 59 2
1306 29 1
922 113 2
1339 79 1
1161 30 2
166 128 2
731 82 1
200 42 2
417 91 1
84 76 1
530 138 1
730 110 1
16 129 1
552 31 1
987 95 2
820 79 1
356 56 2
40 69 2
696 42 2
986 143 2
1340 118 2
1392 116 1
107 41 1
1093 122 1
596 94 1
710 117 1
1429 114 1
492 138 1
1052 65 2
1197 40 2
801 91 1
174 119 1
657 92 1
284 52 1
542 84 1
1165 45 2
747 132 2
189 28 1
78 57 2
1091 149 2
897 47 2
115 55 1
388 68 1
805 86 2
51 61 2
658 105 2
902 87 2
485 54 2
512 51 2
82 68 2
1141 116 2
1075 134 1
315 58 1
322 40 1
1238 126 1
1203 130 1
966 56 2
1355 42 2
517 122 2
1295 94 1
247 80 1
313 58 2
1131 48 2
276 36 1
1281 32 2
1177 43 1
228 69 2
439 64 1
484 149 2
641 78 2
840 82 1
1368 78 1
738 108 1
1375 37 2
231 114 1
452 33 2
311 31 2
1396 105 2
932 82 2
13 80 1
1142 62 1
76 42 1
1183 124 1
701 136 1
868 30 1
433 33 2
246 59 2
1178 28 2
350 61 2
992 148 2
397 113 1
1076 45 2
865 134 2
8 36 2
815 126 2
274 123 1
1166 116 2
378 48 2
1294 76 2
250 38 2
1227 81 1
202 83 1
498 40 2
501 91 2
476 66 2
1023 102 2
299 53 1
459 28 1
760 73 2
675 28 1
532 51 2
1391 147 1
157 85 2
292 58 1
37 95 1
99 64 2
1123 138 1
1267 97 1
857 32 1
317 29 2
125 80 1
3 78 2
720 53 2
936 118 1
946 93 1
794 37 1
26 88 2
661 129 2
575 132 2
94 55 2
518 38 1
306 100 2
546 64 2
505 32 1
379 32 1
1181 130 1
1 149 1
1296 66 1
1008 75 1
981 110 2
199 48 2
947 64 2
852 33 2
245 78 1
1077 46 2
1024 68 2
515 27 1
629 141 2
654 110 2
389 47 1
1010 50 1
691 58 1
688 91 1
211 146 1
627 90 1
178 90 1
838 86 2
751 37 1
1228 57 1
349 141 2
756 131 2
774 90 2
486 126 2
750 131 2
598 150 2
1266 131 2
403 71 1
428 26 2
399 31 2
338 130 2
185 148 1
19 48 1
761 101 1
671 70 1
460 56 1
180 130 2
744 31 1
529 74 2
958 52 2
191 138 2
303 44 1
990 149 1
504 62 2
260 108 1
450 35 1
757 110 2
398 48 1
983 123 1
933 121 1
455 147 2
1046 134 2
1087 116 2
534 136 2
1367 33 2
453 92 1
369 82 2
525 141 1
11 140 2
879 114 2
342 57 2
887 110 1
612 44 2
819 81 2
919 69 2
1233 88 1
391 125 2
316 121 2
985 91 1
385 101 2
401 79 1
1001 58 2
325 148 1
462 71 2
46 131 1
753 103 2
80 58 2
1314 83 2
208 123 2
151 110 2
1280 121 1
160 41 2
222 128 2
262 47 1
207 35 1
100 148 2
1275 36 1
1119 124 1
997 41 2
1290 104 1
371 50 1
988 86 2
861 25 2
758 39 1
1304 119 1
569 142 1
412 29 2
645 94 1
677 33 2
289 120 2
1421 95 1
1254 149 1
959 46 1
467 125 2
544 146 1
97 133 2
708 63 2
1264 40 2
30 122 2
1224 43 2
135 37 2
268 43 2
1356 136 1
565 42 1
6 123 2
418 78 2
909 99 2
1217 45 2
1235 138 2
883 131 2
1115 128 1
592 75 1
95 53 2
81 129 1
1263 103 2
591 124 2
1395 131 2
764 112 1
192 26 1
1382 131 2
1048 30 1
1094 62 1
1105 103 2
893 139 2
254 92 1
445 137 1
1107 138 1
1025 65 1
209 43 1
17 55 2
735 71 1
1318 67 2
510 146 1
161 35 2
930 133 2
36 132 2
980 49 2
1040 116 2
1099 31 2
590 123 1
248 73 1
85 57 2
589 46 1